[gd_scene load_steps=14 format=3 uid="uid://bkt5mnyryllmv"]

[ext_resource type="Script" path="res://Player/Player.gd" id="1_lq0nv"]
[ext_resource type="Script" path="res://Player/Inventory.gd" id="2_rioom"]
[ext_resource type="Texture2D" uid="uid://c0syt5xct8syx" path="res://player/model/untitled_STCR_armor_plate.png" id="3_jlans"]
[ext_resource type="Texture2D" uid="uid://3quptnhwmbt0" path="res://player/model/untitled_STCR_body.png" id="4_myqho"]
[ext_resource type="PackedScene" uid="uid://b5o0tux6g5gsh" path="res://assets/hud/Inventory HUD.tscn" id="5_5y8y7"]

[sub_resource type="CapsuleShape3D" id="1"]

[sub_resource type="StandardMaterial3D" id="StandardMaterial3D_2ft25"]
resource_name = "STCR_armor"
transparency = 4
cull_mode = 2
vertex_color_use_as_albedo = true
albedo_texture = ExtResource("3_jlans")
roughness = 0.552786

[sub_resource type="ArrayMesh" id="ArrayMesh_0psdo"]
resource_name = "untitled_Scene"
_surfaces = [{
"aabb": AABB(-0.173551, 1.56543, -0.126374, 0.360348, 0.121188, 0.236134),
"attribute_data": PackedByteArray(6, 16, 90, 63, 8, 0, 110, 63, 6, 16, 90, 63, 8, 0, 110, 63, 0, 0, 124, 63, 8, 0, 110, 63, 8, 0, 62, 63, 248, 255, 121, 63, 254, 15, 80, 63, 8, 0, 110, 63, 8, 0, 62, 63, 8, 0, 110, 63, 254, 15, 80, 63, 248, 255, 97, 63, 254, 15, 80, 63, 248, 255, 97, 63, 6, 16, 90, 63, 248, 255, 97, 63, 0, 0, 124, 63, 248, 255, 97, 63, 0, 0, 112, 63, 248, 255, 97, 63, 0, 0, 112, 63, 248, 255, 97, 63, 0, 0, 112, 63, 8, 0, 110, 63, 0, 0, 112, 63, 8, 0, 110, 63, 248, 255, 73, 63, 248, 255, 121, 63, 248, 255, 73, 63, 248, 255, 121, 63, 248, 255, 73, 63, 8, 0, 110, 63, 248, 255, 73, 63, 8, 0, 110, 63, 248, 255, 89, 63, 248, 255, 121, 63, 248, 255, 89, 63, 248, 255, 121, 63, 248, 255, 89, 63, 8, 0, 110, 63, 248, 255, 89, 63, 8, 0, 110, 63, 248, 255, 105, 63, 248, 255, 121, 63, 248, 255, 105, 63, 248, 255, 121, 63, 248, 255, 105, 63, 8, 0, 110, 63, 248, 255, 105, 63, 8, 0, 110, 63, 0, 0, 112, 63, 248, 255, 121, 63, 0, 0, 112, 63, 248, 255, 121, 63, 0, 0, 112, 63, 8, 0, 110, 63, 0, 0, 112, 63, 8, 0, 110, 63, 0, 0, 92, 63, 248, 255, 97, 63, 0, 0, 124, 63, 8, 0, 110, 63, 0, 0, 92, 63, 8, 0, 110, 63, 0, 0, 124, 63, 248, 255, 121, 63, 0, 0, 96, 63, 8, 0, 110, 63, 0, 0, 96, 63, 8, 0, 110, 63, 0, 0, 96, 63, 248, 255, 97, 63, 0, 0, 96, 63, 248, 255, 97, 63, 8, 0, 102, 63, 8, 0, 110, 63, 8, 0, 102, 63, 8, 0, 110, 63, 8, 0, 102, 63, 248, 255, 97, 63, 8, 0, 102, 63, 248, 255, 97, 63, 0, 0, 108, 63, 8, 0, 110, 63, 0, 0, 108, 63, 8, 0, 110, 63, 0, 0, 108, 63, 248, 255, 97, 63, 0, 0, 108, 63, 248, 255, 97, 63, 8, 0, 110, 63, 8, 0, 110, 63, 8, 0, 110, 63, 8, 0, 110, 63, 8, 0, 110, 63, 248, 255, 97, 63, 8, 0, 110, 63, 248, 255, 97, 63),
"bone_aabbs": [AABB(-0.173551, 1.56543, -0.126374, 0.360348, 0.121188, 0.236134), AABB(-0.173551, 1.56543, -0.126374, 0.360348, 0.121188, 0.236134), AABB(0, 0, 0, -1, -1, -1), AABB(0, 0, 0, -1, -1, -1), AABB(0, 0, 0, -1, -1, -1), AABB(0, 0, 0, -1, -1, -1), AABB(0, 0, 0, -1, -1, -1), AABB(0, 0, 0, -1, -1, -1), AABB(0, 0, 0, -1, -1, -1), AABB(0, 0, 0, -1, -1, -1), AABB(0, 0, 0, -1, -1, -1), AABB(0, 0, 0, -1, -1, -1), AABB(0, 0, 0, -1, -1, -1), AABB(0, 0, 0, -1, -1, -1), AABB(0, 0, 0, -1, -1, -1), AABB(0, 0, 0, -1, -1, -1), AABB(0, 0, 0, -1, -1, -1), AABB(0, 0, 0, -1, -1, -1), AABB(0, 0, 0, -1, -1, -1), AABB(0, 0, 0, -1, -1, -1), AABB(0, 0, 0, -1, -1, -1), AABB(0, 0, 0, -1, -1, -1), AABB(0, 0, 0, -1, -1, -1), AABB(0, 0, 0, -1, -1, -1), AABB(0, 0, 0, -1, -1, -1), AABB(0, 0, 0, -1, -1, -1), AABB(0, 0, 0, -1, -1, -1), AABB(0, 0, 0, -1, -1, -1), AABB(-0.0508288, 1.56543, -0.122352, 0.237626, 0.121079, 0.232112)],
"format": 7191,
"index_count": 72,
"index_data": PackedByteArray(1, 0, 4, 0, 7, 0, 0, 0, 6, 0, 8, 0, 11, 0, 13, 0, 2, 0, 11, 0, 2, 0, 9, 0, 5, 0, 3, 0, 15, 0, 5, 0, 15, 0, 17, 0, 16, 0, 14, 0, 19, 0, 16, 0, 19, 0, 21, 0, 20, 0, 18, 0, 23, 0, 20, 0, 23, 0, 25, 0, 24, 0, 22, 0, 27, 0, 24, 0, 27, 0, 29, 0, 30, 0, 32, 0, 35, 0, 30, 0, 35, 0, 37, 0, 36, 0, 34, 0, 38, 0, 36, 0, 38, 0, 40, 0, 41, 0, 39, 0, 42, 0, 41, 0, 42, 0, 44, 0, 45, 0, 43, 0, 46, 0, 45, 0, 46, 0, 48, 0, 49, 0, 47, 0, 12, 0, 49, 0, 12, 0, 10, 0, 28, 0, 26, 0, 33, 0, 28, 0, 33, 0, 31, 0),
"material": SubResource("StandardMaterial3D_2ft25"),
"name": "STCR_armor",
"primitive": 3,
"skin_data": PackedByteArray(1, 0, 28, 0, 0, 0, 0, 0, 252, 119, 111, 92, 147, 43, 0, 0, 1, 0, 28, 0, 0, 0, 0, 0, 252, 119, 111, 92, 147, 43, 0, 0, 1, 0, 28, 0, 0, 0, 0, 0, 252, 119, 111, 92, 147, 43, 0, 0, 1, 0, 28, 0, 0, 0, 0, 0, 34, 112, 3, 94, 216, 49, 0, 0, 1, 0, 28, 0, 0, 0, 0, 0, 34, 112, 3, 94, 216, 49, 0, 0, 1, 0, 28, 0, 0, 0, 0, 0, 27, 157, 10, 52, 216, 46, 0, 0, 1, 0, 28, 0, 0, 0, 0, 0, 27, 157, 10, 52, 216, 46, 0, 0, 1, 0, 28, 0, 0, 0, 0, 0, 27, 157, 10, 52, 216, 46, 0, 0, 1, 0, 28, 0, 0, 0, 0, 0, 166, 163, 136, 51, 207, 40, 0, 0, 1, 0, 28, 0, 0, 0, 0, 0, 166, 163, 136, 51, 207, 40, 0, 0, 1, 0, 0, 0, 28, 0, 0, 0, 125, 182, 235, 42, 149, 30, 0, 0, 1, 0, 0, 0, 28, 0, 0, 0, 125, 182, 235, 42, 149, 30, 0, 0, 1, 0, 0, 0, 28, 0, 0, 0, 31, 147, 44, 70, 179, 38, 0, 0, 1, 0, 0, 0, 28, 0, 0, 0, 31, 147, 44, 70, 179, 38, 0, 0, 0, 0, 1, 0, 28, 0, 0, 0, 122, 112, 89, 109, 42, 34, 0, 0, 0, 0, 1, 0, 28, 0, 0, 0, 122, 112, 89, 109, 42, 34, 0, 0, 1, 0, 0, 0, 28, 0, 0, 0, 178, 157, 163, 63, 169, 34, 0, 0, 1, 0, 0, 0, 28, 0, 0, 0, 178, 157, 163, 63, 169, 34, 0, 0, 0, 0, 1, 0, 28, 0, 0, 0, 136, 128, 74, 108, 44, 19, 0, 0, 0, 0, 1, 0, 28, 0, 0, 0, 136, 128, 74, 108, 44, 19, 0, 0, 1, 0, 0, 0, 28, 0, 0, 0, 154, 164, 247, 74, 109, 16, 0, 0, 1, 0, 0, 0, 28, 0, 0, 0, 154, 164, 247, 74, 109, 16, 0, 0, 0, 0, 1, 0, 28, 0, 0, 0, 159, 140, 251, 113, 99, 1, 0, 0, 0, 0, 1, 0, 28, 0, 0, 0, 159, 140, 251, 113, 99, 1, 0, 0, 1, 0, 0, 0, 0, 0, 0, 0, 135, 169, 119, 86, 0, 0, 0, 0, 1, 0, 0, 0, 0, 0, 0, 0, 135, 169, 119, 86, 0, 0, 0, 0, 0, 0, 1, 0, 0, 0, 0, 0, 197, 139, 57, 116, 0, 0, 0, 0, 0, 0, 1, 0, 0, 0, 0, 0, 197, 139, 57, 116, 0, 0, 0, 0, 1, 0, 0, 0, 0, 0, 0, 0, 169, 168, 85, 87, 0, 0, 0, 0, 1, 0, 0, 0, 0, 0, 0, 0, 169, 168, 85, 87, 0, 0, 0, 0, 1, 0, 0, 0, 0, 0, 0, 0, 42, 168, 212, 87, 0, 0, 0, 0, 1, 0, 0, 0, 0, 0, 0, 0, 42, 168, 212, 87, 0, 0, 0, 0, 0, 0, 1, 0, 0, 0, 0, 0, 247, 132, 7, 123, 0, 0, 0, 0, 0, 0, 1, 0, 0, 0, 0, 0, 247, 132, 7, 123, 0, 0, 0, 0, 1, 0, 0, 0, 0, 0, 0, 0, 136, 132, 118, 123, 0, 0, 0, 0, 1, 0, 0, 0, 0, 0, 0, 0, 136, 132, 118, 123, 0, 0, 0, 0, 1, 0, 0, 0, 0, 0, 0, 0, 63, 166, 191, 89, 0, 0, 0, 0, 1, 0, 0, 0, 0, 0, 0, 0, 63, 166, 191, 89, 0, 0, 0, 0, 1, 0, 0, 0, 0, 0, 0, 0, 33, 133, 221, 122, 0, 0, 0, 0, 1, 0, 0, 0, 0, 0, 0, 0, 33, 133, 221, 122, 0, 0, 0, 0, 1, 0, 0, 0, 0, 0, 0, 0, 65, 170, 189, 85, 0, 0, 0, 0, 1, 0, 0, 0, 0, 0, 0, 0, 65, 170, 189, 85, 0, 0, 0, 0, 1, 0, 0, 0, 0, 0, 0, 0, 186, 136, 68, 119, 0, 0, 0, 0, 1, 0, 0, 0, 0, 0, 0, 0, 186, 136, 68, 119, 0, 0, 0, 0, 1, 0, 0, 0, 0, 0, 0, 0, 8, 186, 246, 69, 0, 0, 0, 0, 1, 0, 0, 0, 0, 0, 0, 0, 8, 186, 246, 69, 0, 0, 0, 0, 1, 0, 0, 0, 28, 0, 0, 0, 75, 186, 235, 49, 200, 19, 0, 0, 1, 0, 0, 0, 28, 0, 0, 0, 75, 186, 235, 49, 200, 19, 0, 0, 1, 0, 0, 0, 28, 0, 0, 0, 235, 202, 73, 37, 202, 15, 0, 0, 1, 0, 0, 0, 28, 0, 0, 0, 235, 202, 73, 37, 202, 15, 0, 0),
"vertex_count": 50,
"vertex_data": PackedByteArray(11, 69, 63, 62, 11, 165, 201, 63, 31, 24, 150, 189, 191, 216, 42, 152, 23, 244, 243, 248, 11, 69, 63, 62, 11, 165, 201, 63, 31, 24, 150, 189, 191, 216, 42, 152, 221, 246, 109, 248, 11, 69, 63, 62, 11, 165, 201, 63, 31, 24, 150, 189, 146, 230, 84, 215, 35, 197, 103, 75, 91, 20, 46, 62, 1, 96, 200, 63, 11, 17, 25, 61, 19, 175, 108, 150, 158, 57, 89, 64, 91, 20, 46, 62, 1, 96, 200, 63, 11, 17, 25, 61, 191, 216, 42, 152, 221, 246, 109, 248, 54, 153, 28, 62, 34, 6, 209, 63, 154, 151, 9, 61, 19, 175, 108, 150, 113, 57, 118, 63, 54, 153, 28, 62, 34, 6, 209, 63, 154, 151, 9, 61, 191, 216, 42, 152, 23, 244, 243, 248, 54, 153, 28, 62, 34, 6, 209, 63, 154, 151, 9, 61, 191, 216, 42, 152, 221, 246, 109, 248, 232, 14, 41, 62, 161, 98, 210, 63, 113, 28, 114, 189, 191, 216, 42, 152, 23, 244, 243, 248, 232, 14, 41, 62, 161, 98, 210, 63, 113, 28, 114, 189, 149, 230, 86, 215, 198, 195, 84, 77, 11, 20, 239, 61, 135, 215, 212, 63, 218, 195, 170, 189, 211, 233, 7, 223, 76, 202, 109, 78, 11, 20, 239, 61, 135, 215, 212, 63, 218, 195, 170, 189, 148, 230, 85, 215, 23, 197, 120, 75, 15, 241, 235, 61, 222, 67, 204, 63, 144, 79, 228, 189, 211, 233, 7, 223, 28, 201, 171, 79, 15, 241, 235, 61, 222, 67, 204, 63, 144, 79, 228, 189, 149, 230, 86, 215, 20, 198, 24, 74, 105, 145, 202, 61, 50, 130, 200, 63, 249, 16, 210, 61, 147, 150, 211, 152, 239, 37, 209, 54, 105, 145, 202, 61, 50, 130, 200, 63, 249, 16, 210, 61, 19, 175, 108, 150, 116, 57, 114, 63, 103, 191, 217, 61, 77, 19, 209, 63, 160, 33, 128, 61, 147, 150, 210, 152, 146, 33, 218, 58, 103, 191, 217, 61, 77, 19, 209, 63, 160, 33, 128, 61, 20, 175, 107, 150, 76, 58, 55, 62, 131, 157, 56, 61, 69, 57, 201, 63, 228, 248, 201, 61, 34, 140, 191, 137, 230, 29, 182, 53, 131, 157, 56, 61, 69, 57, 201, 63, 228, 248, 201, 61, 147, 150, 211, 152, 155, 34, 229, 57, 166, 25, 69, 61, 36, 248, 209, 63, 229, 147, 192, 61, 34, 140, 191, 137, 17, 30, 156, 53, 166, 25, 69, 61, 36, 248, 209, 63, 229, 147, 192, 61, 147, 150, 210, 152, 21, 30, 21, 62, 217, 49, 80, 189, 202, 211, 203, 63, 162, 201, 224, 61, 8, 84, 20, 139, 137, 9, 129, 36, 217, 49, 80, 189, 202, 211, 203, 63, 162, 201, 224, 61, 34, 140, 191, 137, 42, 30, 140, 53, 60, 218, 57, 189, 165, 134, 212, 63, 239, 137, 206, 61, 9, 84, 20, 139, 246, 8, 182, 36, 60, 218, 57, 189, 165, 134, 212, 63, 239, 137, 206, 61, 34, 140, 192, 137, 86, 30, 113, 53, 99, 180, 178, 189, 118, 108, 204, 63, 165, 138, 174, 61, 69, 78, 121, 143, 53, 20, 176, 28, 99, 180, 178, 189, 118, 108, 204, 63, 165, 138, 174, 61, 8, 84, 20, 139, 60, 9, 157, 36, 195, 108, 163, 189, 120, 14, 213, 63, 190, 152, 166, 61, 69, 78, 120, 143, 245, 16, 209, 29, 195, 108, 163, 189, 120, 14, 213, 63, 190, 152, 166, 61, 8, 84, 21, 139, 162, 8, 212, 36, 244, 117, 219, 189, 160, 220, 213, 63, 96, 32, 82, 61, 109, 62, 176, 153, 1, 12, 81, 19, 244, 117, 219, 189, 160, 220, 213, 63, 96, 32, 82, 61, 69, 78, 120, 143, 156, 14, 162, 30, 56, 108, 1, 190, 195, 43, 206, 63, 19, 97, 108, 61, 109, 62, 176, 153, 160, 12, 33, 19, 56, 108, 1, 190, 195, 43, 206, 63, 19, 97, 108, 61, 70, 78, 120, 143, 79, 18, 89, 29, 81, 183, 49, 190, 193, 42, 208, 63, 51, 207, 19, 189, 48, 31, 138, 190, 170, 245, 155, 110, 81, 183, 49, 190, 193, 42, 208, 63, 51, 207, 19, 189, 109, 62, 176, 153, 123, 11, 122, 19, 95, 172, 22, 190, 202, 62, 215, 63, 163, 202, 236, 188, 48, 31, 138, 190, 133, 248, 175, 109, 95, 172, 22, 190, 202, 62, 215, 63, 163, 202, 236, 188, 109, 62, 176, 153, 183, 10, 182, 19, 120, 159, 27, 190, 165, 74, 207, 63, 247, 31, 165, 189, 48, 31, 138, 190, 135, 247, 1, 110, 120, 159, 27, 190, 165, 74, 207, 63, 247, 31, 165, 189, 20, 27, 53, 218, 249, 252, 127, 39, 225, 194, 7, 190, 163, 21, 215, 63, 28, 251, 138, 189, 48, 31, 138, 190, 158, 250, 1, 109, 225, 194, 7, 190, 163, 21, 215, 63, 28, 251, 138, 189, 18, 27, 51, 218, 196, 250, 25, 39, 35, 169, 155, 189, 138, 186, 207, 63, 52, 104, 1, 190, 20, 27, 53, 218, 32, 250, 252, 38, 35, 169, 155, 189, 138, 186, 207, 63, 52, 104, 1, 190, 84, 29, 192, 255, 152, 253, 182, 65, 160, 62, 140, 189, 22, 227, 215, 63, 96, 124, 208, 189, 20, 27, 53, 218, 200, 247, 145, 38, 160, 62, 140, 189, 22, 227, 215, 63, 96, 124, 208, 189, 84, 29, 192, 255, 214, 253, 142, 65, 193, 217, 118, 61, 75, 50, 207, 63, 167, 147, 250, 189, 84, 29, 192, 255, 43, 254, 87, 65, 193, 217, 118, 61, 75, 50, 207, 63, 167, 147, 250, 189, 211, 233, 8, 223, 255, 199, 213, 80, 115, 203, 127, 61, 132, 223, 215, 63, 236, 173, 220, 189, 85, 29, 193, 255, 107, 254, 45, 65, 115, 203, 127, 61, 132, 223, 215, 63, 236, 173, 220, 189, 211, 233, 7, 223, 74, 201, 123, 79)
}]
blend_shape_mode = 0

[sub_resource type="Skin" id="Skin_d5tie"]
resource_name = "Skin"
bind_count = 49
bind/0/name = &"hip"
bind/0/bone = -1
bind/0/pose = Transform3D(1, -8.74228e-08, -8.88179e-16, 8.70127e-08, 0.995309, 0.0967492, -8.4581e-09, -0.0967494, 0.995309, 1.42109e-14, -1.48129, 0.169958)
bind/1/name = &"waist"
bind/1/bone = -1
bind/1/pose = Transform3D(1, -8.74228e-08, 0, 8.73358e-08, 0.999005, 0.044593, -3.89846e-09, -0.0445932, 0.999005, -1.42307e-14, -1.59143, 0.0868946)
bind/2/name = &"lowerchest"
bind/2/bone = -1
bind/2/pose = Transform3D(1, -9.67573e-08, -2.38236e-07, 8.73558e-08, 0.999233, -0.0391519, 2.41841e-07, 0.0391517, 0.999233, 1.33405e-08, -1.70491, -0.0559542)
bind/3/name = &"chest"
bind/3/bone = -1
bind/3/pose = Transform3D(1, -9.81378e-08, -2.38178e-07, 8.73344e-08, 0.99899, -0.0449421, 2.42347e-07, 0.044942, 0.99899, 1.59314e-08, -1.87492, -0.0668211)
bind/4/name = &"collar"
bind/4/bone = -1
bind/4/pose = Transform3D(1, -9.2529e-08, -2.38364e-07, 8.74027e-08, 0.999771, -0.0214173, 2.40291e-07, 0.0214172, 0.999771, 4.78137e-09, -1.98725, -0.0200544)
bind/5/name = &"neck"
bind/5/bone = -1
bind/5/pose = Transform3D(1, -8.74227e-08, -2.38419e-07, 8.74228e-08, 1, -9.92088e-10, 2.38419e-07, -1.38706e-07, 1, -5.9636e-09, -2.10399, 0.0250131)
bind/6/name = &"head"
bind/6/bone = -1
bind/6/pose = Transform3D(1, -6.17234e-08, -2.37029e-07, 8.69134e-08, 0.994174, 0.107791, 2.28995e-07, -0.107791, 0.994174, -6.2046e-08, -2.16819, 0.26024)
bind/7/name = &"shoudler.l"
bind/7/bone = -1
bind/7/pose = Transform3D(0.237089, -0.970562, 0.0423982, 0.960092, 0.22742, -0.162797, 0.148363, 0.0793035, 0.985748, 1.92968, -0.455599, -0.135403)
bind/8/name = &"upperarm.l"
bind/8/bone = -1
bind/8/pose = Transform3D(-0.585407, -0.809975, 0.0352169, 0.802499, -0.572731, 0.167257, -0.115304, 0.126175, 0.985284, 1.72831, 1.04579, -0.190548)
bind/9/name = &"shoudler.r"
bind/9/bone = -1
bind/9/pose = Transform3D(0.237089, 0.970562, -0.0423981, -0.960092, 0.22742, -0.162797, -0.148363, 0.0793034, 0.985748, -1.92968, -0.455599, -0.135403)
bind/10/name = &"upperarm.r"
bind/10/bone = -1
bind/10/pose = Transform3D(-0.585406, 0.809975, -0.035217, -0.802499, -0.572731, 0.167258, 0.115305, 0.126175, 0.985284, -1.72831, 1.04579, -0.190549)
bind/11/name = &"forearm.r"
bind/11/bone = -1
bind/11/pose = Transform3D(-0.550222, 0.834201, -0.0369362, -0.83275, -0.544933, 0.0978576, 0.0615051, 0.084602, 0.994515, -1.75999, 0.697007, -0.133678)
bind/12/name = &"hand.r"
bind/12/bone = -1
bind/12/pose = Transform3D(-0.571708, 0.820447, 0.00398918, -0.794607, -0.5549, 0.246343, 0.204325, 0.137666, 0.969175, -1.74996, 0.481565, -0.140312)
bind/13/name = &"littlefinger1.r"
bind/13/bone = -1
bind/13/pose = Transform3D(-0.851886, 0.508457, 0.125543, -0.515139, -0.856719, -0.025765, 0.0944549, -0.0866213, 0.991754, -1.42822, 1.07801, 0.186429)
bind/14/name = &"littlefinger2.r"
bind/14/bone = -1
bind/14/pose = Transform3D(-0.927859, 0.351923, 0.123399, -0.352552, -0.93563, 0.0174275, 0.121589, -0.0273345, 0.992204, -1.22531, 1.28301, 0.108443)
bind/15/name = &"littlefinger3.r"
bind/15/bone = -1
bind/15/pose = Transform3D(-0.987781, 0.0574932, 0.144853, -0.0470771, -0.996121, 0.074342, 0.148565, 0.0666142, 0.986656, -0.792079, 1.57536, -0.0242887)
bind/16/name = &"ringfinger1.r"
bind/16/bone = -1
bind/16/pose = Transform3D(-0.804209, 0.588028, 0.0864307, -0.579827, -0.808171, 0.103253, 0.130566, 0.0329218, 0.990893, -1.52775, 0.951222, -0.00386898)
bind/17/name = &"ringfinger2.r"
bind/17/bone = -1
bind/17/pose = Transform3D(-0.86736, 0.485791, 0.108132, -0.4707, -0.871309, 0.13879, 0.161639, 0.0694833, 0.984401, -1.4063, 1.08449, -0.0413927)
bind/18/name = &"ringfinger3.r"
bind/18/bone = -1
bind/18/pose = Transform3D(-0.959559, 0.242288, 0.143331, -0.233399, -0.969396, 0.0761397, 0.157392, 0.0396071, 0.986742, -1.08169, 1.39062, 0.00356884)
bind/19/name = &"middlefinger1.r"
bind/19/bone = -1
bind/19/pose = Transform3D(-0.757863, 0.647848, 0.0770497, -0.642992, -0.76169, 0.0799343, 0.110473, 0.0110367, 0.993818, -1.59347, 0.832533, 0.00162197)
bind/20/name = &"middelfinger2.r"
bind/20/bone = -1
bind/20/pose = Transform3D(-0.90624, 0.410259, 0.102058, -0.399196, -0.909888, 0.112902, 0.13918, 0.0615752, 0.988351, -1.31158, 1.19724, -0.060335)
bind/21/name = &"middlefinger3.r"
bind/21/bone = -1
bind/21/pose = Transform3D(-0.925726, 0.362581, 0.107548, -0.355563, -0.931292, 0.0791768, 0.128866, 0.0350559, 0.991042, -1.2492, 1.23809, -0.0252411)
bind/22/name = &"index1.r"
bind/22/bone = -1
bind/22/pose = Transform3D(-0.776876, 0.625186, 0.0748685, -0.599197, -0.770587, 0.217162, 0.19346, 0.123847, 0.97326, -1.56491, 0.870508, -0.142182)
bind/23/name = &"index2.r"
bind/23/bone = -1
bind/23/pose = Transform3D(-0.844203, 0.527267, 0.0964884, -0.486735, -0.829455, 0.274031, 0.22452, 0.184374, 0.956868, -1.45355, 0.994388, -0.218113)
bind/24/name = &"index3.r"
bind/24/bone = -1
bind/24/pose = Transform3D(-0.924608, 0.351999, 0.145592, -0.328399, -0.93027, 0.163563, 0.193014, 0.103419, 0.975731, -1.23177, 1.25456, -0.111387)
bind/25/name = &"thumb1.r"
bind/25/bone = -1
bind/25/pose = Transform3D(-0.828382, 0.555348, -0.0732853, -0.333758, -0.384257, 0.860786, 0.449876, 0.737519, 0.503664, -1.44544, 0.40504, -1.00208)
bind/26/name = &"thumb2.r"
bind/26/bone = -1
bind/26/pose = Transform3D(-0.890279, 0.378536, 0.253208, -0.0608543, -0.649886, 0.757591, 0.451332, 0.659059, 0.601616, -1.21031, 1.00104, -0.876245)
bind/27/name = &"thumb3.r"
bind/27/bone = -1
bind/27/pose = Transform3D(-0.923286, 0.318252, 0.215079, -0.229148, -0.905741, 0.356545, 0.308277, 0.279908, 0.909185, -1.12682, 1.32036, -0.370029)
bind/28/name = &"thigh.l"
bind/28/bone = -1
bind/28/pose = Transform3D(-0.00244745, 0.0572975, -0.998353, 0.0426444, -0.997443, -0.0573498, -0.999086, -0.0427147, 5.71365e-07, -0.115844, 1.46418, 0.154602)
bind/29/name = &"lowerleg.l"
bind/29/bone = -1
bind/29/pose = Transform3D(0.000409363, -0.0104497, -0.999944, 0.038029, -0.999222, 0.0104575, -0.999275, -0.0380314, -8.86229e-06, -0.0547546, 0.903682, 0.15037)
bind/30/name = &"thigh.r"
bind/30/bone = -1
bind/30/pose = Transform3D(-0.00244746, -0.0572975, 0.998353, -0.0426445, -0.997443, -0.0573498, 0.999086, -0.0427149, 5.71598e-07, 0.115844, 1.46418, 0.154602)
bind/31/name = &"lowerleg.r"
bind/31/bone = -1
bind/31/pose = Transform3D(0.000409365, 0.0104497, 0.999944, -0.0380292, -0.999222, 0.0104575, 0.999275, -0.0380316, -8.86232e-06, 0.0547546, 0.903682, 0.15037)
bind/32/name = &"forearm.l"
bind/32/bone = -1
bind/32/pose = Transform3D(-0.550223, -0.834201, 0.0369365, 0.83275, -0.544933, 0.0978575, -0.0615049, 0.0846024, 0.994515, 1.75999, 0.697006, -0.133679)
bind/33/name = &"hand.l"
bind/33/bone = -1
bind/33/pose = Transform3D(-0.571706, -0.820449, -0.00399161, 0.794609, -0.554898, 0.246343, -0.204327, 0.137664, 0.969175, 1.74996, 0.481561, -0.140307)
bind/34/name = &"littlefinger1.l"
bind/34/bone = -1
bind/34/pose = Transform3D(-0.851886, -0.508457, -0.125544, 0.515139, -0.856719, -0.0257652, -0.094455, -0.0866213, 0.991754, 1.42822, 1.07801, 0.186429)
bind/35/name = &"littlefinger2.l"
bind/35/bone = -1
bind/35/pose = Transform3D(-0.927859, -0.351925, -0.123401, 0.352554, -0.935629, 0.0174272, -0.121591, -0.0273355, 0.992204, 1.22532, 1.28301, 0.108446)
bind/36/name = &"littlefinger3.l"
bind/36/bone = -1
bind/36/pose = Transform3D(-0.987782, -0.0574917, -0.144852, 0.0470758, -0.996121, 0.0743414, -0.148564, 0.0666142, 0.986657, 0.792077, 1.57537, -0.0242895)
bind/37/name = &"ringfinger1.l"
bind/37/bone = -1
bind/37/pose = Transform3D(-0.804209, -0.588028, -0.0864307, 0.579828, -0.80817, 0.103253, -0.130566, 0.0329219, 0.990893, 1.52775, 0.951221, -0.00386909)
bind/38/name = &"ringfinger2.l"
bind/38/bone = -1
bind/38/pose = Transform3D(-0.86736, -0.485793, -0.108133, 0.470702, -0.871308, 0.13879, -0.161641, 0.0694822, 0.984401, 1.4063, 1.08449, -0.0413901)
bind/39/name = &"ringfinger3.l"
bind/39/bone = -1
bind/39/pose = Transform3D(-0.959562, -0.242279, -0.143323, 0.233391, -0.969398, 0.076138, -0.157383, 0.0396091, 0.986743, 1.08168, 1.39063, 0.00355937)
bind/40/name = &"middlefinger1.l"
bind/40/bone = -1
bind/40/pose = Transform3D(-0.757863, -0.647848, -0.0770491, 0.642992, -0.76169, 0.0799341, -0.110473, 0.0110373, 0.993818, 1.59347, 0.832533, 0.00162079)
bind/41/name = &"middelfinger2.l"
bind/41/bone = -1
bind/41/pose = Transform3D(-0.906233, -0.410273, -0.102072, 0.399208, -0.909882, 0.112904, -0.139195, 0.0615697, 0.988349, 1.3116, 1.19722, -0.0603159)
bind/42/name = &"middlefinger3.l"
bind/42/bone = -1
bind/42/pose = Transform3D(-0.925728, -0.362577, -0.107544, 0.35556, -0.931294, 0.0791756, -0.128862, 0.0350569, 0.991043, 1.2492, 1.2381, -0.0252456)
bind/43/name = &"index1.l"
bind/43/bone = -1
bind/43/pose = Transform3D(-0.776876, -0.625186, -0.0748684, 0.599197, -0.770587, 0.217162, -0.193459, 0.123847, 0.97326, 1.56491, 0.870508, -0.142182)
bind/44/name = &"index2.l"
bind/44/bone = -1
bind/44/pose = Transform3D(-0.844198, -0.527275, -0.0964951, 0.486741, -0.829451, 0.274034, -0.224529, 0.184371, 0.956867, 1.45356, 0.994377, -0.218102)
bind/45/name = &"index3.l"
bind/45/bone = -1
bind/45/pose = Transform3D(-0.92461, -0.351994, -0.145588, 0.328395, -0.930271, 0.163562, -0.193009, 0.103421, 0.975732, 1.23177, 1.25457, -0.111393)
bind/46/name = &"thumb1.l"
bind/46/bone = -1
bind/46/pose = Transform3D(-0.828382, -0.555349, 0.0732853, 0.33376, -0.384258, 0.860785, -0.449876, 0.737518, 0.503666, 1.44544, 0.405041, -1.00208)
bind/47/name = &"thumb2.l"
bind/47/bone = -1
bind/47/pose = Transform3D(-0.890283, -0.378527, -0.253206, 0.0608514, -0.649889, 0.757589, -0.451324, 0.659061, 0.601619, 1.2103, 1.00104, -0.876254)
bind/48/name = &"thumb3.l"
bind/48/bone = -1
bind/48/pose = Transform3D(-0.923281, -0.318262, -0.215086, 0.229155, -0.905738, 0.356548, -0.308287, 0.279906, 0.909182, 1.12684, 1.32035, -0.370019)

[sub_resource type="StandardMaterial3D" id="StandardMaterial3D_hyncj"]
resource_name = "STCR_body"
transparency = 4
cull_mode = 2
vertex_color_use_as_albedo = true
albedo_texture = ExtResource("4_myqho")
roughness = 0.552786

[sub_resource type="ArrayMesh" id="ArrayMesh_fprln"]
resource_name = "untitled_Scene001"
_surfaces = [{
"aabb": AABB(-0.727375, -0.000760819, -0.167262, 1.45427, 2.383, 0.29463),
