[gd_scene load_steps=25 format=3 uid="uid://dqdyalu51xagc"]

[ext_resource type="Script" path="res://Player/Player.gd" id="1_lq0nv"]
[ext_resource type="Script" path="res://Player/Inventory.gd" id="2_rioom"]
[ext_resource type="Script" path="res://player/Quest Handler.gd" id="4_m7iqy"]
[ext_resource type="Texture2D" uid="uid://b6su5es46vl2j" path="res://player/Model/Player Model_STCR_armor_plate.png" id="5_1yvhe"]
[ext_resource type="PackedScene" uid="uid://b5o0tux6g5gsh" path="res://assets/hud/Inventory HUD.tscn" id="5_5y8y7"]
[ext_resource type="Texture2D" uid="uid://drisk6s36vj7w" path="res://player/Model/Player Model_STCR_body.png" id="6_vcvo2"]

[sub_resource type="CapsuleShape3D" id="1"]
radius = 0.25
height = 2.374

[sub_resource type="CylinderShape3D" id="CylinderShape3D_fp8b7"]
height = 0.2

[sub_resource type="StandardMaterial3D" id="StandardMaterial3D_dc3dn"]
resource_name = "STCR_armor"
transparency = 4
cull_mode = 2
vertex_color_use_as_albedo = true
albedo_texture = ExtResource("5_1yvhe")
roughness = 0.552786

[sub_resource type="ArrayMesh" id="ArrayMesh_p1v4i"]
resource_name = "Player Model_Scene"
_surfaces = [{
"aabb": AABB(-0.173551, 1.56543, -0.126375, 0.360348, 0.121188, 0.236134),
"attribute_data": PackedByteArray(6, 16, 90, 63, 8, 0, 110, 63, 0, 0, 124, 63, 8, 0, 110, 63, 8, 0, 62, 63, 248, 255, 121, 63, 254, 15, 80, 63, 8, 0, 110, 63, 8, 0, 62, 63, 8, 0, 110, 63, 254, 15, 80, 63, 248, 255, 97, 63, 6, 16, 90, 63, 248, 255, 97, 63, 0, 0, 124, 63, 248, 255, 97, 63, 0, 0, 112, 63, 248, 255, 97, 63, 0, 0, 112, 63, 248, 255, 97, 63, 0, 0, 112, 63, 8, 0, 110, 63, 0, 0, 112, 63, 8, 0, 110, 63, 248, 255, 73, 63, 248, 255, 121, 63, 248, 255, 73, 63, 248, 255, 121, 63, 248, 255, 73, 63, 8, 0, 110, 63, 248, 255, 73, 63, 8, 0, 110, 63, 248, 255, 89, 63, 248, 255, 121, 63, 248, 255, 89, 63, 248, 255, 121, 63, 248, 255, 89, 63, 8, 0, 110, 63, 248, 255, 89, 63, 8, 0, 110, 63, 248, 255, 105, 63, 248, 255, 121, 63, 248, 255, 105, 63, 248, 255, 121, 63, 248, 255, 105, 63, 8, 0, 110, 63, 248, 255, 105, 63, 8, 0, 110, 63, 0, 0, 112, 63, 248, 255, 121, 63, 0, 0, 112, 63, 248, 255, 121, 63, 0, 0, 112, 63, 8, 0, 110, 63, 0, 0, 112, 63, 8, 0, 110, 63, 0, 0, 92, 63, 248, 255, 97, 63, 0, 0, 124, 63, 8, 0, 110, 63, 0, 0, 92, 63, 8, 0, 110, 63, 0, 0, 124, 63, 248, 255, 121, 63, 0, 0, 96, 63, 8, 0, 110, 63, 0, 0, 96, 63, 8, 0, 110, 63, 0, 0, 96, 63, 248, 255, 97, 63, 0, 0, 96, 63, 248, 255, 97, 63, 8, 0, 102, 63, 8, 0, 110, 63, 8, 0, 102, 63, 8, 0, 110, 63, 8, 0, 102, 63, 248, 255, 97, 63, 8, 0, 102, 63, 248, 255, 97, 63, 0, 0, 108, 63, 8, 0, 110, 63, 0, 0, 108, 63, 8, 0, 110, 63, 0, 0, 108, 63, 248, 255, 97, 63, 0, 0, 108, 63, 248, 255, 97, 63, 8, 0, 110, 63, 8, 0, 110, 63, 8, 0, 110, 63, 8, 0, 110, 63, 8, 0, 110, 63, 248, 255, 97, 63, 8, 0, 110, 63, 248, 255, 97, 63),
"bone_aabbs": [AABB(-0.173551, 1.56543, -0.126375, 0.360348, 0.121188, 0.236134), AABB(-0.173551, 1.56543, -0.126375, 0.360348, 0.121188, 0.236134), AABB(0, 0, 0, -1, -1, -1), AABB(0, 0, 0, -1, -1, -1), AABB(0, 0, 0, -1, -1, -1), AABB(0, 0, 0, -1, -1, -1), AABB(0, 0, 0, -1, -1, -1), AABB(0, 0, 0, -1, -1, -1), AABB(0, 0, 0, -1, -1, -1), AABB(0, 0, 0, -1, -1, -1), AABB(0, 0, 0, -1, -1, -1), AABB(0, 0, 0, -1, -1, -1), AABB(0, 0, 0, -1, -1, -1), AABB(0, 0, 0, -1, -1, -1), AABB(0, 0, 0, -1, -1, -1), AABB(0, 0, 0, -1, -1, -1), AABB(0, 0, 0, -1, -1, -1), AABB(0, 0, 0, -1, -1, -1), AABB(0, 0, 0, -1, -1, -1), AABB(0, 0, 0, -1, -1, -1), AABB(0, 0, 0, -1, -1, -1), AABB(0, 0, 0, -1, -1, -1), AABB(0, 0, 0, -1, -1, -1), AABB(0, 0, 0, -1, -1, -1), AABB(0, 0, 0, -1, -1, -1), AABB(0, 0, 0, -1, -1, -1), AABB(0, 0, 0, -1, -1, -1), AABB(0, 0, 0, -1, -1, -1), AABB(-0.0508293, 1.56543, -0.122353, 0.237626, 0.121079, 0.232111)],
"format": 7191,
"index_count": 72,
"index_data": PackedByteArray(0, 0, 3, 0, 5, 0, 0, 0, 5, 0, 6, 0, 9, 0, 11, 0, 1, 0, 9, 0, 1, 0, 7, 0, 4, 0, 2, 0, 13, 0, 4, 0, 13, 0, 15, 0, 14, 0, 12, 0, 17, 0, 14, 0, 17, 0, 19, 0, 18, 0, 16, 0, 21, 0, 18, 0, 21, 0, 23, 0, 22, 0, 20, 0, 25, 0, 22, 0, 25, 0, 27, 0, 28, 0, 30, 0, 33, 0, 28, 0, 33, 0, 35, 0, 34, 0, 32, 0, 36, 0, 34, 0, 36, 0, 38, 0, 39, 0, 37, 0, 40, 0, 39, 0, 40, 0, 42, 0, 43, 0, 41, 0, 44, 0, 43, 0, 44, 0, 46, 0, 47, 0, 45, 0, 10, 0, 47, 0, 10, 0, 8, 0, 26, 0, 24, 0, 31, 0, 26, 0, 31, 0, 29, 0),
"material": SubResource("StandardMaterial3D_dc3dn"),
"name": "STCR_armor",
"primitive": 3,
"skin_data": PackedByteArray(1, 0, 28, 0, 0, 0, 0, 0, 204, 123, 111, 92, 194, 39, 0, 0, 1, 0, 28, 0, 0, 0, 0, 0, 204, 123, 111, 92, 194, 39, 0, 0, 1, 0, 28, 0, 0, 0, 0, 0, 29, 120, 3, 94, 222, 41, 0, 0, 1, 0, 28, 0, 0, 0, 0, 0, 29, 120, 3, 94, 222, 41, 0, 0, 1, 0, 28, 0, 0, 0, 0, 0, 173, 165, 10, 52, 70, 38, 0, 0, 1, 0, 28, 0, 0, 0, 0, 0, 173, 165, 10, 52, 70, 38, 0, 0, 1, 0, 28, 0, 0, 0, 0, 0, 215, 167, 136, 51, 158, 36, 0, 0, 1, 0, 28, 0, 0, 0, 0, 0, 215, 167, 136, 51, 158, 36, 0, 0, 1, 0, 0, 0, 28, 0, 0, 0, 171, 185, 190, 39, 149, 30, 0, 0, 1, 0, 0, 0, 28, 0, 0, 0, 171, 185, 190, 39, 149, 30, 0, 0, 1, 0, 0, 0, 28, 0, 0, 0, 13, 150, 60, 67, 180, 38, 0, 0, 1, 0, 0, 0, 28, 0, 0, 0, 13, 150, 60, 67, 180, 38, 0, 0, 1, 0, 0, 0, 28, 0, 0, 0, 165, 127, 46, 94, 43, 34, 0, 0, 1, 0, 0, 0, 28, 0, 0, 0, 165, 127, 46, 94, 43, 34, 0, 0, 1, 0, 0, 0, 28, 0, 0, 0, 152, 171, 188, 49, 169, 34, 0, 0, 1, 0, 0, 0, 28, 0, 0, 0, 152, 171, 188, 49, 169, 34, 0, 0, 1, 0, 0, 0, 28, 0, 0, 0, 86, 137, 123, 99, 44, 19, 0, 0, 1, 0, 0, 0, 28, 0, 0, 0, 86, 137, 123, 99, 44, 19, 0, 0, 1, 0, 0, 0, 28, 0, 0, 0, 170, 189, 229, 49, 110, 16, 0, 0, 1, 0, 0, 0, 28, 0, 0, 0, 170, 189, 229, 49, 110, 16, 0, 0, 1, 0, 0, 0, 28, 0, 0, 0, 102, 215, 47, 39, 105, 1, 0, 0, 1, 0, 0, 0, 28, 0, 0, 0, 102, 215, 47, 39, 105, 1, 0, 0, 1, 0, 0, 0, 0, 0, 0, 0, 242, 224, 12, 31, 0, 0, 0, 0, 1, 0, 0, 0, 0, 0, 0, 0, 242, 224, 12, 31, 0, 0, 0, 0, 1, 0, 0, 0, 0, 0, 0, 0, 89, 222, 165, 33, 0, 0, 0, 0, 1, 0, 0, 0, 0, 0, 0, 0, 89, 222, 165, 33, 0, 0, 0, 0, 1, 0, 0, 0, 0, 0, 0, 0, 54, 226, 200, 29, 0, 0, 0, 0, 1, 0, 0, 0, 0, 0, 0, 0, 54, 226, 200, 29, 0, 0, 0, 0, 1, 0, 0, 0, 0, 0, 0, 0, 57, 222, 197, 33, 0, 0, 0, 0, 1, 0, 0, 0, 0, 0, 0, 0, 57, 222, 197, 33, 0, 0, 0, 0, 1, 0, 0, 0, 0, 0, 0, 0, 52, 218, 202, 37, 0, 0, 0, 0, 1, 0, 0, 0, 0, 0, 0, 0, 52, 218, 202, 37, 0, 0, 0, 0, 1, 0, 0, 0, 0, 0, 0, 0, 131, 166, 123, 89, 0, 0, 0, 0, 1, 0, 0, 0, 0, 0, 0, 0, 131, 166, 123, 89, 0, 0, 0, 0, 1, 0, 0, 0, 0, 0, 0, 0, 8, 196, 246, 59, 0, 0, 0, 0, 1, 0, 0, 0, 0, 0, 0, 0, 8, 196, 246, 59, 0, 0, 0, 0, 1, 0, 0, 0, 0, 0, 0, 0, 10, 155, 244, 100, 0, 0, 0, 0, 1, 0, 0, 0, 0, 0, 0, 0, 10, 155, 244, 100, 0, 0, 0, 0, 1, 0, 0, 0, 0, 0, 0, 0, 9, 190, 245, 65, 0, 0, 0, 0, 1, 0, 0, 0, 0, 0, 0, 0, 9, 190, 245, 65, 0, 0, 0, 0, 1, 0, 0, 0, 0, 0, 0, 0, 156, 145, 98, 110, 0, 0, 0, 0, 1, 0, 0, 0, 0, 0, 0, 0, 156, 145, 98, 110, 0, 0, 0, 0, 1, 0, 0, 0, 0, 0, 0, 0, 111, 194, 143, 61, 0, 0, 0, 0, 1, 0, 0, 0, 0, 0, 0, 0, 111, 194, 143, 61, 0, 0, 0, 0, 1, 0, 0, 0, 28, 0, 0, 0, 87, 189, 221, 46, 201, 19, 0, 0, 1, 0, 0, 0, 28, 0, 0, 0, 87, 189, 221, 46, 201, 19, 0, 0, 1, 0, 0, 0, 28, 0, 0, 0, 246, 205, 61, 34, 203, 15, 0, 0, 1, 0, 0, 0, 28, 0, 0, 0, 246, 205, 61, 34, 203, 15, 0, 0),
"vertex_count": 48,
"vertex_data": PackedByteArray(229, 68, 63, 62, 11, 165, 201, 63, 114, 24, 150, 189, 191, 216, 42, 152, 57, 245, 188, 248, 229, 68, 63, 62, 11, 165, 201, 63, 114, 24, 150, 189, 147, 230, 83, 215, 34, 197, 103, 75, 50, 20, 46, 62, 0, 96, 200, 63, 82, 16, 25, 61, 20, 175, 108, 150, 158, 57, 89, 64, 50, 20, 46, 62, 0, 96, 200, 63, 82, 16, 25, 61, 191, 216, 42, 152, 221, 246, 109, 248, 14, 153, 28, 62, 33, 6, 209, 63, 229, 150, 9, 61, 20, 175, 108, 150, 115, 57, 118, 63, 14, 153, 28, 62, 33, 6, 209, 63, 229, 150, 9, 61, 191, 216, 42, 152, 219, 245, 157, 248, 193, 14, 41, 62, 160, 98, 210, 63, 27, 29, 114, 189, 193, 216, 40, 152, 23, 244, 243, 248, 193, 14, 41, 62, 160, 98, 210, 63, 27, 29, 114, 189, 150, 230, 86, 215, 198, 195, 84, 77, 193, 19, 239, 61, 134, 215, 212, 63, 46, 196, 170, 189, 210, 233, 6, 223, 75, 202, 109, 78, 193, 19, 239, 61, 134, 215, 212, 63, 46, 196, 170, 189, 143, 230, 81, 215, 18, 197, 121, 75, 199, 240, 235, 61, 219, 67, 204, 63, 221, 79, 228, 189, 210, 233, 7, 223, 27, 201, 171, 79, 199, 240, 235, 61, 219, 67, 204, 63, 221, 79, 228, 189, 150, 230, 85, 215, 18, 198, 24, 74, 29, 145, 202, 61, 48, 130, 200, 63, 161, 16, 210, 61, 146, 150, 211, 152, 238, 37, 209, 54, 29, 145, 202, 61, 48, 130, 200, 63, 161, 16, 210, 61, 20, 175, 108, 150, 117, 57, 114, 63, 25, 191, 217, 61, 75, 19, 209, 63, 70, 33, 128, 61, 147, 150, 209, 152, 145, 33, 218, 58, 25, 191, 217, 61, 75, 19, 209, 63, 70, 33, 128, 61, 20, 175, 108, 150, 77, 58, 54, 62, 244, 156, 56, 61, 66, 57, 201, 63, 142, 248, 201, 61, 35, 140, 191, 137, 231, 29, 182, 53, 244, 156, 56, 61, 66, 57, 201, 63, 142, 248, 201, 61, 147, 150, 209, 152, 154, 34, 230, 57, 18, 25, 69, 61, 34, 248, 209, 63, 140, 147, 192, 61, 35, 140, 193, 137, 17, 30, 156, 53, 18, 25, 69, 61, 34, 248, 209, 63, 140, 147, 192, 61, 149, 150, 209, 152, 22, 30, 21, 62, 97, 50, 80, 189, 201, 211, 203, 63, 78, 201, 224, 61, 9, 84, 22, 139, 137, 9, 129, 36, 97, 50, 80, 189, 201, 211, 203, 63, 78, 201, 224, 61, 35, 140, 191, 137, 43, 30, 140, 53, 201, 218, 57, 189, 164, 134, 212, 63, 151, 137, 206, 61, 9, 84, 22, 139, 246, 8, 182, 36, 201, 218, 57, 189, 164, 134, 212, 63, 151, 137, 206, 61, 35, 140, 193, 137, 86, 30, 113, 53, 167, 180, 178, 189, 117, 108, 204, 63, 81, 138, 174, 61, 69, 78, 121, 143, 53, 20, 176, 28, 167, 180, 178, 189, 117, 108, 204, 63, 81, 138, 174, 61, 9, 84, 22, 139, 60, 9, 157, 36, 10, 109, 163, 189, 120, 14, 213, 63, 102, 152, 166, 61, 69, 78, 121, 143, 245, 16, 209, 29, 10, 109, 163, 189, 120, 14, 213, 63, 102, 152, 166, 61, 9, 84, 22, 139, 162, 8, 212, 36, 57, 118, 219, 189, 159, 220, 213, 63, 179, 31, 82, 61, 109, 62, 175, 153, 1, 12, 81, 19, 57, 118, 219, 189, 159, 220, 213, 63, 179, 31, 82, 61, 70, 78, 121, 143, 156, 14, 162, 30, 88, 108, 1, 190, 194, 43, 206, 63, 108, 96, 108, 61, 109, 62, 175, 153, 160, 12, 33, 19, 88, 108, 1, 190, 194, 43, 206, 63, 108, 96, 108, 61, 70, 78, 119, 143, 79, 18, 90, 29, 113, 183, 49, 190, 192, 42, 208, 63, 215, 207, 19, 189, 48, 31, 138, 190, 170, 245, 155, 110, 113, 183, 49, 190, 192, 42, 208, 63, 215, 207, 19, 189, 110, 62, 177, 153, 123, 11, 122, 19, 129, 172, 22, 190, 202, 62, 215, 63, 252, 203, 236, 188, 48, 31, 138, 190, 133, 248, 175, 109, 129, 172, 22, 190, 202, 62, 215, 63, 252, 203, 236, 188, 109, 62, 175, 153, 183, 10, 182, 19, 152, 159, 27, 190, 164, 74, 207, 63, 72, 32, 165, 189, 48, 31, 138, 190, 135, 247, 1, 110, 152, 159, 27, 190, 164, 74, 207, 63, 72, 32, 165, 189, 20, 27, 52, 218, 249, 252, 126, 39, 3, 195, 7, 190, 160, 21, 215, 63, 112, 251, 138, 189, 48, 31, 138, 190, 158, 250, 1, 109, 3, 195, 7, 190, 160, 21, 215, 63, 112, 251, 138, 189, 18, 27, 50, 218, 195, 250, 24, 39, 103, 169, 155, 189, 135, 186, 207, 63, 91, 104, 1, 190, 20, 27, 52, 218, 32, 250, 252, 38, 103, 169, 155, 189, 135, 186, 207, 63, 91, 104, 1, 190, 84, 29, 191, 255, 152, 253, 182, 65, 231, 62, 140, 189, 21, 227, 215, 63, 182, 124, 208, 189, 20, 27, 52, 218, 199, 247, 145, 38, 231, 62, 140, 189, 21, 227, 215, 63, 182, 124, 208, 189, 84, 29, 191, 255, 214, 253, 142, 65, 54, 217, 118, 61, 74, 50, 207, 63, 245, 147, 250, 189, 84, 29, 191, 255, 43, 254, 87, 65, 54, 217, 118, 61, 74, 50, 207, 63, 245, 147, 250, 189, 210, 233, 8, 223, 0, 200, 213, 80, 225, 202, 127, 61, 131, 223, 215, 63, 63, 174, 220, 189, 85, 29, 194, 255, 107, 254, 44, 65, 225, 202, 127, 61, 131, 223, 215, 63, 63, 174, 220, 189, 210, 233, 8, 223, 75, 201, 123, 79)
}]
blend_shape_mode = 0

[sub_resource type="Skin" id="Skin_yl2h0"]
resource_name = "Skin"
bind_count = 49
bind/0/name = &"hip"
bind/0/bone = -1
bind/0/pose = Transform3D(1, 8.15534e-09, -8.38983e-08, 6.21725e-15, 0.995309, 0.0967492, 8.42937e-08, -0.0967491, 0.995309, -1.38935e-08, -1.42846, 0.164822)
bind/1/name = &"waist"
bind/1/bone = -1
bind/1/pose = Transform3D(1, -3.64331e-09, 8.16207e-08, -9.76996e-15, 0.999005, 0.044593, -8.1702e-08, -0.0445929, 0.999005, 6.90599e-09, -1.53839, 0.0845271)
bind/2/name = &"lowerchest"
bind/2/bone = -1
bind/2/pose = Transform3D(1, -1.05821e-08, -2.70075e-07, 5.32907e-15, 0.999233, -0.039152, 2.70283e-07, 0.039152, 0.999233, 1.45617e-08, -1.65186, -0.053876)
bind/3/name = &"chest"
bind/3/bone = -1
bind/3/pose = Transform3D(1, -1.27253e-08, -2.8286e-07, -6.21725e-15, 0.99899, -0.0449423, 2.83147e-07, 0.0449423, 0.99899, 1.82446e-08, -1.82188, -0.0644356)
bind/4/name = &"collar"
bind/4/bone = -1
bind/4/pose = Transform3D(1, -5.2447e-09, -2.44823e-07, -4.44089e-16, 0.999771, -0.0214174, 2.44879e-07, 0.0214175, 0.999771, 4.63253e-09, -1.93418, -0.0189177)
bind/5/name = &"neck"
bind/5/bone = -1
bind/5/pose = Transform3D(1, -4.76502e-14, -2.39356e-07, 2.03844e-14, 1, -6.14673e-08, 2.39356e-07, 1.41561e-07, 1, -5.987e-09, -2.0509, 0.0250129)
bind/6/name = &"head"
bind/6/bone = -1
bind/6/pose = Transform3D(1, 2.72582e-08, -2.51408e-07, 3.73035e-14, 0.994174, 0.107791, 2.52881e-07, -0.107791, 0.994174, -6.43626e-08, -2.11541, 0.254518)
bind/7/name = &"shoudler.l"
bind/7/bone = -1
bind/7/pose = Transform3D(0.237088, -0.970562, 0.0423983, 0.960092, 0.227419, -0.162797, 0.148363, 0.0793036, 0.985748, 1.87816, -0.443524, -0.131193)
bind/8/name = &"upperarm.l"
bind/8/bone = -1
bind/8/pose = Transform3D(-0.585406, -0.809975, 0.0352171, 0.802499, -0.572731, 0.167258, -0.115305, 0.126175, 0.985284, 1.68531, 1.01539, -0.18385)
bind/9/name = &"shoudler.r"
bind/9/bone = -1
bind/9/pose = Transform3D(0.237089, 0.970562, -0.0423985, -0.960092, 0.227419, -0.162797, -0.148363, 0.0793039, 0.985748, -1.87816, -0.443526, -0.131194)
bind/10/name = &"upperarm.r"
bind/10/bone = -1
bind/10/pose = Transform3D(-0.585406, 0.809975, -0.0352171, -0.802499, -0.572731, 0.167258, 0.115305, 0.126175, 0.985284, -1.68531, 1.01539, -0.183851)
bind/11/name = &"forearm.r"
bind/11/bone = -1
bind/11/pose = Transform3D(-0.550223, 0.834201, -0.0369367, -0.83275, -0.544933, 0.0978578, 0.061505, 0.0846026, 0.994515, -1.7157, 0.668077, -0.129187)
bind/12/name = &"hand.r"
bind/12/bone = -1
bind/12/pose = Transform3D(-0.571708, 0.820448, 0.00398867, -0.794608, -0.5549, 0.246343, 0.204325, 0.137667, 0.969174, -1.7064, 0.452105, -0.133004)
bind/13/name = &"littlefinger1.r"
bind/13/bone = -1
bind/13/pose = Transform3D(-0.851887, 0.508457, 0.125543, -0.515138, -0.85672, -0.0257646, 0.0944552, -0.0866206, 0.991754, -1.40122, 1.03253, 0.18183)
bind/14/name = &"littlefinger2.r"
bind/14/bone = -1
bind/14/pose = Transform3D(-0.927859, 0.351923, 0.123399, -0.352552, -0.93563, 0.0174278, 0.121589, -0.0273339, 0.992204, -1.20663, 1.23334, 0.106991)
bind/15/name = &"littlefinger3.r"
bind/15/bone = -1
bind/15/pose = Transform3D(-0.987781, 0.0574929, 0.144853, -0.0470767, -0.996121, 0.0743422, 0.148565, 0.0666148, 0.986657, -0.789027, 1.52248, -0.0207528)
bind/16/name = &"ringfinger1.r"
bind/16/bone = -1
bind/16/pose = Transform3D(-0.804209, 0.588028, 0.0864305, -0.579828, -0.80817, 0.103253, 0.130566, 0.0329222, 0.990893, -1.49654, 0.908316, -0.00212163)
bind/17/name = &"ringfinger2.r"
bind/17/bone = -1
bind/17/pose = Transform3D(-0.86736, 0.485792, 0.108132, -0.4707, -0.871309, 0.13879, 0.16164, 0.0694836, 0.984401, -1.38051, 1.03823, -0.037704)
bind/18/name = &"ringfinger3.r"
bind/18/bone = -1
bind/18/pose = Transform3D(-0.959559, 0.242287, 0.143331, -0.233398, -0.969396, 0.0761397, 0.157392, 0.0396075, 0.986742, -1.06882, 1.33916, 0.00567128)
bind/19/name = &"middlefinger1.r"
bind/19/bone = -1
bind/19/pose = Transform3D(-0.757863, 0.647848, 0.0770494, -0.642993, -0.76169, 0.0799344, 0.110473, 0.0110372, 0.993818, -1.55907, 0.792095, 0.00220735)
bind/20/name = &"middelfinger2.r"
bind/20/bone = -1
bind/20/pose = Transform3D(-0.90624, 0.410259, 0.102058, -0.399196, -0.909888, 0.112902, 0.13918, 0.0615754, 0.988351, -1.2898, 1.14894, -0.0570662)
bind/21/name = &"middlefinger3.r"
bind/21/bone = -1
bind/21/pose = Transform3D(-0.925726, 0.362582, 0.107548, -0.355564, -0.931293, 0.079177, 0.128866, 0.0350563, 0.991042, -1.22995, 1.18865, -0.0233804)
bind/22/name = &"index1.r"
bind/22/bone = -1
bind/22/pose = Transform3D(-0.776876, 0.625187, 0.0748683, -0.599197, -0.770586, 0.217162, 0.19346, 0.123848, 0.97326, -1.53172, 0.829598, -0.135607)
bind/23/name = &"index2.r"
bind/23/bone = -1
bind/23/pose = Transform3D(-0.844203, 0.527267, 0.0964882, -0.486736, -0.829455, 0.274031, 0.22452, 0.184374, 0.956869, -1.42556, 0.950354, -0.208325)
bind/24/name = &"index3.r"
bind/24/bone = -1
bind/24/pose = Transform3D(-0.924608, 0.351998, 0.145592, -0.328398, -0.93027, 0.163563, 0.193014, 0.10342, 0.975731, -1.21309, 1.20518, -0.105897)
bind/25/name = &"thumb1.r"
bind/25/bone = -1
bind/25/pose = Transform3D(-0.828382, 0.555349, -0.073286, -0.333758, -0.384256, 0.860786, 0.449876, 0.73752, 0.503663, -1.41596, 0.384638, -0.962926)
bind/26/name = &"thumb2.r"
bind/26/bone = -1
bind/26/pose = Transform3D(-0.890279, 0.378536, 0.253208, -0.0608543, -0.649886, 0.757591, 0.451332, 0.659059, 0.601616, -1.19021, 0.966535, -0.841257)
bind/27/name = &"thumb3.r"
bind/27/bone = -1
bind/27/pose = Transform3D(-0.923286, 0.318253, 0.215079, -0.229148, -0.905741, 0.356545, 0.308277, 0.279908, 0.909185, -1.10993, 1.27228, -0.355169)
bind/28/name = &"thigh.l"
bind/28/bone = -1
bind/28/pose = Transform3D(-0.00244915, 0.0572971, -0.998353, 0.0426444, -0.997443, -0.0573497, -0.999086, -0.0427149, 2.33063e-06, -0.112802, 1.41122, 0.152334)
bind/29/name = &"lowerleg.l"
bind/29/bone = -1
bind/29/pose = Transform3D(0.000407696, -0.0104499, -0.999944, 0.038029, -0.999222, 0.0104575, -0.999275, -0.0380314, -7.13554e-06, -0.055309, 0.850636, 0.148351)
bind/30/name = &"thigh.r"
bind/30/bone = -1
bind/30/pose = Transform3D(-0.00244916, -0.0572972, 0.998353, -0.0426444, -0.997443, -0.0573498, 0.999086, -0.0427149, 2.33272e-06, 0.112802, 1.41122, 0.152334)
bind/31/name = &"lowerleg.r"
bind/31/bone = -1
bind/31/pose = Transform3D(0.000407767, 0.0104499, 0.999944, -0.0380291, -0.999222, 0.0104575, 0.999275, -0.0380315, -7.20728e-06, 0.055309, 0.850636, 0.148351)
bind/32/name = &"forearm.l"
bind/32/bone = -1
bind/32/pose = Transform3D(-0.550223, -0.834201, 0.0369364, 0.83275, -0.544933, 0.0978577, -0.061505, 0.0846023, 0.994515, 1.71571, 0.668077, -0.129187)
bind/33/name = &"hand.l"
bind/33/bone = -1
bind/33/pose = Transform3D(-0.571706, -0.820449, -0.00399158, 0.794609, -0.554898, 0.246343, -0.204326, 0.137664, 0.969175, 1.7064, 0.452103, -0.132998)
bind/34/name = &"littlefinger1.l"
bind/34/bone = -1
bind/34/pose = Transform3D(-0.851886, -0.508458, -0.125544, 0.51514, -0.856719, -0.0257651, -0.094455, -0.0866214, 0.991754, 1.40123, 1.03253, 0.181831)
bind/35/name = &"littlefinger2.l"
bind/35/bone = -1
bind/35/pose = Transform3D(-0.927858, -0.351925, -0.123401, 0.352554, -0.935629, 0.0174274, -0.121591, -0.0273354, 0.992204, 1.20663, 1.23334, 0.106995)
bind/36/name = &"littlefinger3.l"
bind/36/bone = -1
bind/36/pose = Transform3D(-0.987782, -0.0574917, -0.144852, 0.0470756, -0.996121, 0.0743418, -0.148564, 0.0666145, 0.986657, 0.789025, 1.52248, -0.0207535)
bind/37/name = &"ringfinger1.l"
bind/37/bone = -1
bind/37/pose = Transform3D(-0.80421, -0.588028, -0.0864307, 0.579827, -0.808171, 0.103253, -0.130566, 0.032922, 0.990893, 1.49654, 0.908319, -0.00212134)
bind/38/name = &"ringfinger2.l"
bind/38/bone = -1
bind/38/pose = Transform3D(-0.867359, -0.485793, -0.108133, 0.470702, -0.871308, 0.13879, -0.161641, 0.0694825, 0.9844, 1.38051, 1.03823, -0.0377016)
bind/39/name = &"ringfinger3.l"
bind/39/bone = -1
bind/39/pose = Transform3D(-0.959562, -0.242279, -0.143322, 0.233391, -0.969398, 0.0761381, -0.157383, 0.0396091, 0.986743, 1.06881, 1.33917, 0.00566226)
bind/40/name = &"middlefinger1.l"
bind/40/bone = -1
bind/40/pose = Transform3D(-0.757863, -0.647848, -0.077049, 0.642992, -0.76169, 0.0799344, -0.110473, 0.0110374, 0.993818, 1.55907, 0.792097, 0.00220679)
bind/41/name = &"middelfinger2.l"
bind/41/bone = -1
bind/41/pose = Transform3D(-0.906232, -0.410273, -0.102072, 0.399209, -0.909882, 0.112904, -0.139195, 0.0615697, 0.988349, 1.28982, 1.14892, -0.0570472)
bind/42/name = &"middlefinger3.l"
bind/42/bone = -1
bind/42/pose = Transform3D(-0.925727, -0.362578, -0.107544, 0.35556, -0.931294, 0.0791761, -0.128862, 0.0350571, 0.991043, 1.22995, 1.18865, -0.0233845)
bind/43/name = &"index1.l"
bind/43/bone = -1
bind/43/pose = Transform3D(-0.776876, -0.625186, -0.0748682, 0.599197, -0.770587, 0.217162, -0.193459, 0.123847, 0.97326, 1.53172, 0.8296, -0.135607)
bind/44/name = &"index2.l"
bind/44/bone = -1
bind/44/pose = Transform3D(-0.844198, -0.527275, -0.0964948, 0.486741, -0.829451, 0.274035, -0.224529, 0.184371, 0.956867, 1.42557, 0.950343, -0.208315)
bind/45/name = &"index3.l"
bind/45/bone = -1
bind/45/pose = Transform3D(-0.92461, -0.351995, -0.145587, 0.328396, -0.930271, 0.163562, -0.193009, 0.103421, 0.975732, 1.21308, 1.20518, -0.105903)
bind/46/name = &"thumb1.l"
bind/46/bone = -1
bind/46/pose = Transform3D(-0.828382, -0.555349, 0.0732852, 0.333759, -0.384258, 0.860785, -0.449876, 0.737518, 0.503665, 1.41596, 0.384641, -0.962924)
bind/47/name = &"thumb2.l"
bind/47/bone = -1
bind/47/pose = Transform3D(-0.890283, -0.378527, -0.253205, 0.0608515, -0.649889, 0.757589, -0.451324, 0.659061, 0.601619, 1.1902, 0.966541, -0.841266)
bind/48/name = &"thumb3.l"
bind/48/bone = -1
bind/48/pose = Transform3D(-0.923281, -0.318262, -0.215086, 0.229154, -0.905738, 0.356548, -0.308287, 0.279906, 0.909182, 1.10994, 1.27227, -0.35516)

[sub_resource type="StandardMaterial3D" id="StandardMaterial3D_08xyi"]
resource_name = "STCR_body"
transparency = 4
cull_mode = 2
vertex_color_use_as_albedo = true
albedo_texture = ExtResource("6_vcvo2")
roughness = 0.552786

[sub_resource type="ArrayMesh" id="ArrayMesh_2wnux"]
resource_name = "Player Model_Scene001"
_surfaces = [{
"aabb": AABB(-0.727375, -0.053321, -0.167262, 1.45427, 2.383, 0.294629),
